activ:10697475:0.2:1;
adjunct:10697473:0.14285714285714285:2;
aggreg:10627119:0.18864258470862413:4;
alcohol:10697476:0.16666666666666666:3;
analysi:10605455:0.16666666666666666:1;
apic:10697472:0.14285714285714285:6;10697473:0.14285714285714285:3;10697474:0.14285714285714285:2;
appear:10605454:0.16666666666666666:0;
avian:10694927:0.125:5;
bacteri:10636771:0.2:0;
bead:10697475:0.2:3;
bind:10627230:0.16666666666666666:4;
bioluminesc:10636771:0.2:1;
boundari:10694927:0.125:1;
bud:10694927:0.125:7;
canal:10697472:0.14285714285714285:4;
cell:10605455:0.16666666666666666:5;10605456:0.16666666666666666:4;
chimer:10694927:0.125:4;
closur:10697473:0.14285714285714285:4;
compar:10697474:0.14285714285714285:0;
cone:10697470:0.14285714285714285:3;
connect:10697469:0.16666666666666666:2;
cooper:10627230:0.16666666666666666:2;
corros:10697470:0.14285714285714285:0;
criteria:10697468:0.2:1;
cultur:10605455:0.16666666666666666:4;
dental:10697468:0.2:3;
differenti:10605456:0.16666666666666666:2;
disinfect:10697476:0.16666666666666666:4;
distal:10694927:0.125:0;
distribut:10605454:0.16666666666666666:1;
drug:10697469:0.16666666666666666:5;
effect:10697471:0.15870421196028975:0;10697472:0.14285714285714285:0;
electron:10697470:0.14285714285714285:6;
endodont:10697470:0.14285714285714285:1;10697474:0.14285714285714285:4;
equilibrium:10627230:0.16666666666666666:3;
erythrocyt:10605454:0.16666666666666666:5;
evalu:10697468:0.2:2;
express:10636771:0.2:3;
fusion:10627119:0.24542966116550347:3,5;
glass:10697475:0.2:2;
human:10605454:0.16666666666666666:4;10697470:0.14285714285714285:4;
implant:10697468:0.2:4;10697474:0.14285714285714285:5;
iodin:10697476:0.16666666666666666:1;
isol:10636771:0.2:2;
isopropyl:10697476:0.16666666666666666:2;
junction:10605455:0.16666666666666666:3;
leakag:10697474:0.14285714285714285:3;
limb:10694927:0.125:6;
luciferas:10636771:0.2:4;
materi:10697469:0.16666666666666666:4;
membran:10627119:0.18864258470862413:2;
methodolog:10697468:0.2:0;
model:10627230:0.16666666666666666:1;
modul:10627119:0.18864258470862413:1;
morpholog:10605456:0.16666666666666666:1;
myogen:10694927:0.125:2;
myosin:10627230:0.16666666666666666:5;
neuroblastoma:10605456:0.16666666666666666:3;
nonseri:10697471:0.15870421196028975:4;
origin:10697472:0.14285714285714285:3;
perman:10697473:0.14285714285714285:6;
phosphat:10697473:0.14285714285714285:1;
polyamin:10627119:0.18864258470862413:0;
povidon:10697476:0.16666666666666666:0;
prepar:10697471:0.20647894019855131:2,5;10697472:0.14285714285714285:1;10697476:0.16666666666666666:5;
primordia:10694927:0.125:3;
procedur:10697472:0.14285714285714285:2;
promot:10605456:0.16666666666666666:5;
protein:10605454:0.16666666666666666:3;10605456:0.16666666666666666:0;
pulpless:10697473:0.14285714285714285:5;
quantit:10605455:0.16666666666666666:0;
resist:10605455:0.16666666666666666:2;
respons:10697469:0.16666666666666666:0;
scan:10697470:0.14285714285714285:5;
serial:10697471:0.15870421196028975:1;
shape:10697472:0.14285714285714285:5;
silver:10697470:0.14285714285714285:2;
sporicid:10697475:0.2:0;
stabil:10697474:0.14285714285714285:6;
steril:10697475:0.2:4;
studi:10697474:0.14285714285714285:1;
subcutan:10697469:0.16666666666666666:1;
surfac:10605454:0.16666666666666666:2;
theoret:10627230:0.16666666666666666:0;
tissu:10697469:0.16666666666666666:3;10697471:0.15870421196028975:6;
tricalcium:10697473:0.14285714285714285:0;
versus:10697471:0.15870421196028975:3;
