75thr:10819032:0.14285714285714285:3;
aberr:10819018:0.2:1;
acid:10819024:0.14285714285714285:6;
acut:10819030:0.2:3;
age:10819020:0.125:7;
albumin:10819021:0.16666666666666666:3;
alcohol:10819022:0.30249265803205166:2,4;
aminoisobutyr:10819024:0.14285714285714285:5;
analysi:10819024:0.14285714285714285:2;10819025:0.2:0;
antigen:10819028:0.15870421196028975:1;
assembl:10822498:0.16666666666666666:5;
bacteriorhodopsin:10822498:0.16666666666666666:2;
band:10819018:0.2:4;10819030:0.2:1;
beta:10819024:0.14285714285714285:4;
cell:10819019:0.25:2;10819025:0.2:1;10819028:0.20647894019855131:0,4;
chain:10819032:0.14285714285714285:5;
character:10819018:0.2:0;
chines:10819026:0.14285714285714285:4;
chromosom:10819018:0.2:3;
complex:10819024:0.14285714285714285:0;
compon:10819023:0.16666666666666666:4;10819026:0.14285714285714285:2;
death:10819020:0.125:3;
detect:10819029:0.2:4;
differ:10819021:0.16666666666666666:5;
discrep:10819030:0.2:0;
disposit:10819022:0.23250244732264946:1;
earli:10819020:0.125:2;
electrophoret:10819021:0.16666666666666666:0;
enzym:10819028:0.15870421196028975:5;
exampl:10819030:0.2:2;
factor:10819020:0.125:1;
famili:10819020:0.125:0;10819025:0.2:3;
focus:10819019:0.25:1;
follow:10819020:0.125:5;
fragil:10819017:0.16666666666666666:3;
frequenc:10819032:0.14285714285714285:0;
gamma:10819032:0.14285714285714285:2;
genet:10819022:0.23250244732264946:0;
globin:10819032:0.14285714285714285:4;
group:10819023:0.16666666666666666:2;10819026:0.14285714285714285:0;
hereditari:10819025:0.2:4;
hong:10819026:0.14285714285714285:6;
human:10819018:0.2:2;10819023:0.16666666666666666:0;10819032:0.14285714285714285:1;
includ:10819031:0.16666666666666666:4;
indonesian:10819027:0.2:2;
isoelectr:10819019:0.25:0;
level:10819031:0.16666666666666666:2;
link:10819017:0.16666666666666666:0;
locus:10819024:0.14285714285714285:3;10819029:0.2:3;
lymphocyt:10819030:0.2:4;
malaysian:10819027:0.2:1;
male:10819031:0.16666666666666666:3;
membran:10819025:0.2:2;10822498:0.16666666666666666:4;
mental:10819017:0.16666666666666666:1;
north:10819027:0.2:3;
observ:10819031:0.16666666666666666:5;
pedigre:10819017:0.16666666666666666:4;
phenotyp:10819029:0.2:1;
phosphoglucomutas:10819019:0.25:3;10819029:0.2:2;
planar:10822498:0.16666666666666666:3;
polymorph:10819021:0.16666666666666666:1;10819028:0.15870421196028975:6;
popul:10819026:0.14285714285714285:5;10819032:0.14285714285714285:6;
post:10819021:0.16666666666666666:2;
protein:10819028:0.15870421196028975:3;
proton:10822498:0.16666666666666666:0;
rare:10819029:0.2:0;
retard:10819017:0.16666666666666666:2;
segreg:10819024:0.14285714285714285:1;
serum:10819028:0.15870421196028975:2;
show:10819017:0.16666666666666666:5;
specif:10819023:0.16666666666666666:3;10819026:0.14285714285714285:1;
steroid:10819031:0.16666666666666666:0;
studi:10819022:0.23250244732264946:3;
subtyp:10819023:0.16666666666666666:5;10819026:0.14285714285714285:3;10819027:0.2:0;
sulphatas:10819031:0.16666666666666666:1;
sumatra:10819027:0.2:4;
transferrin:10819021:0.16666666666666666:4;10819023:0.16666666666666666:1;
transport:10822498:0.16666666666666666:1;
twin:10819020:0.125:4;
year:10819020:0.125:6;
