activ:10733409:0.14285714285714285:4;
adipos:10733409:0.14285714285714285:6;
advanc:10697484:0.16666666666666666:1;10697485:0.2:2;
alter:10733408:0.2:0;
antibiot:10697489:0.14285714285714285:0;
bactericid:10697481:0.2:2;
blood:10697479:0.13696697597378607:0;
bodi:10787327:0.125:7;
bone:10697486:0.14285714285714285:3;
calcium:10787327:0.125:1;
canal:10697489:0.14285714285714285:6;
case:10697483:0.125:6;
cell:10697478:0.16666666666666666:3;
chromat:10787327:0.125:2;
clinic:10697488:0.16666666666666666:0;
combin:10697483:0.125:0;
concentr:10733408:0.2:3;
cone:10697486:0.14285714285714285:2;
contain:10697479:0.13696697597378607:6;10697482:0.14285714285714285:6;
core:10697483:0.125:2;
corros:10697486:0.14285714285714285:0;
determin:10733409:0.14285714285714285:1;
direct:10697487:0.2:2;
distanc:10697481:0.2:1;
dust:10787327:0.125:3;
effect:10697481:0.2:4;10787327:0.125:0;
electron:10697478:0.16666666666666666:1;10697486:0.14285714285714285:5;
endodont:10697477:0.2:4;10697480:0.2:2;10697483:0.125:3;10697484:0.16666666666666666:2;10697485:0.2:3;10697488:0.16666666666666666:4;
endoss:10697483:0.125:4;
enterococci:10697489:0.14285714285714285:2;
format:10697482:0.14285714285714285:0;
frequenc:10697487:0.2:0;
fungicid:10697481:0.2:3;
group:10697484:0.16666666666666666:4;
histolog:10697488:0.16666666666666666:2;
human:10733409:0.14285714285714285:5;
hypoxanthin:10733408:0.2:2;
implant:10697482:0.14285714285714285:5;10697483:0.125:5;
induc:10697482:0.14285714285714285:4;
influenza:10787327:0.125:4;
ischaemia:10733408:0.2:4;
isol:10697489:0.14285714285714285:3;
later:10697487:0.2:3;
lead:10697479:0.17819814415728352:1,5;
lesion:10697478:0.16666666666666666:5;
level:10697479:0.13696697597378607:2;
lipas:10733409:0.14285714285714285:3;
lipoprotein:10733409:0.14285714285714285:2;
locat:10697487:0.2:1;
long:10697481:0.2:0;
method:10733409:0.14285714285714285:0;
microscop:10697486:0.14285714285714285:6;
microscopi:10697478:0.16666666666666666:2;
miner:10697482:0.14285714285714285:1;
monkey:10697479:0.13696697597378607:3;
periap:10697478:0.16666666666666666:4;
plasma:10733408:0.2:1;
post:10697483:0.125:1;
postdebrid:10697480:0.2:0;
preclin:10697477:0.2:3;
program:10697484:0.16666666666666666:3;10697485:0.2:4;
quantit:10697480:0.2:4;
radiograph:10697488:0.16666666666666666:1;
reagent:10697480:0.2:3;
recruit:10697484:0.16666666666666666:5;
report:10697483:0.125:7;
research:10697485:0.2:1;
retent:10697480:0.2:1;
role:10697485:0.2:0;
root:10697479:0.13696697597378607:7;10697489:0.14285714285714285:5;
scan:10697478:0.16666666666666666:0;10697486:0.14285714285714285:4;
scar:10697482:0.14285714285714285:2;
secondari:10697487:0.2:4;
sensit:10697489:0.14285714285714285:1;
silver:10697486:0.14285714285714285:1;
studi:10697488:0.16666666666666666:3;
teach:10697477:0.2:2;
teeth:10697477:0.2:1;
tissu:10697482:0.14285714285714285:3;
transpar:10697477:0.2:0;
treat:10697479:0.13696697597378607:4;10697488:0.16666666666666666:5;10697489:0.14285714285714285:4;
virus:10787327:0.125:5;
whole:10787327:0.125:6;
workshop:10697484:0.16666666666666666:0;
