acetyl:10793737:0.14285714285714285:3;
acid:10793730:0.125:7;
adenosin:10793738:0.30249265803205166:2,4;
aminopropyl:10793731:0.3333333333333333:1;
analysi:10793735:0.2:4;
apurin:10793730:0.125:6;
bacillus:10793744:0.2:2;10793745:0.16666666666666666:2;
base:10793739:0.2:1;
bind:10793746:0.14285714285714285:3;
block:10793737:0.14285714285714285:6;
character:10793740:0.2:1;
characteris:10793729:0.16666666666666666:1;
characterist:10793744:0.2:4;
chromatin:10793729:0.16666666666666666:2;
coli:10793746:0.14285714285714285:6;
conform:10793732:0.25:1;10793733:0.2:1;
constitut:10793746:0.14285714285714285:1;
contain:10793732:0.25:3;
deoxynucleotid:10793735:0.2:0;
deoxyoligonucleotid:10793732:0.25:2;
deoxyribonucleas:10793736:0.25:1;
determin:10793747:0.2:2;
differ:10793736:0.25:0;
dnas:10793740:0.2:3;
effect:10793733:0.2:4;10793745:0.16666666666666666:4;
epsilon:10793738:0.23250244732264946:3;
escherichia:10793746:0.14285714285714285:5;
etheno:10793738:0.23250244732264946:1;
evid:10793739:0.2:4;
fraction:10793731:0.3333333333333333:0;10793740:0.2:0;
histon:10793734:0.2:3;
human:10793736:0.25:2;
induc:10793746:0.14285714285714285:0;
initi:10793741:0.16666666666666666:4;10793742:0.16666666666666666:4;
instar:10793729:0.16666666666666666:4;
irradi:10793730:0.125:5;
isol:10793747:0.2:0;
kangaroo:10793740:0.2:4;
kinet:10793739:0.2:3;
larva:10793729:0.16666666666666666:5;
lymphocyt:10793736:0.25:3;
magnet:10793730:0.125:1;
nucleoprotein:10793734:0.2:1;
nucleosid:10793744:0.2:1;10793745:0.16666666666666666:1;10793746:0.14285714285714285:2;
nucleotid:10793741:0.16666666666666666:0;10793742:0.16666666666666666:0;10793743:0.25:3;
oligonucleotid:10793733:0.2:0;
oxid:10793737:0.14285714285714285:1;
oxychlorid:10793743:0.25:1;
phenylalanyl:10793737:0.14285714285714285:4;
phosphorus:10793743:0.25:0;
piperazin:10793731:0.3333333333333333:2;
polymeras:10793741:0.16666666666666666:3;10793742:0.16666666666666666:3;
preced:10793741:0.16666666666666666:2;10793742:0.16666666666666666:2;
premelt:10793734:0.2:0;
prepar:10793729:0.16666666666666666:0;
protein:10793734:0.2:4;
proton:10793730:0.125:0;
purin:10793745:0.16666666666666666:5;
reduct:10793737:0.14285714285714285:2;
region:10793747:0.2:4;
reson:10793730:0.125:2;
role:10793734:0.2:2;
satellit:10793740:0.2:2;
sequenc:10793735:0.2:3;10793741:0.16666666666666666:1;10793742:0.16666666666666666:1;10793747:0.2:1;
site:10793741:0.16666666666666666:5;10793742:0.16666666666666666:5;10793746:0.14285714285714285:4;
solvent:10793733:0.2:3;
studi:10793730:0.125:3;10793732:0.25:0;
substitut:10793735:0.2:1;
subtili:10793744:0.2:3;10793745:0.16666666666666666:3;
superhel:10793739:0.2:2;
synthes:10793743:0.25:2;
synthesi:10793738:0.23250244732264946:0;
techniqu:10793735:0.2:2;
temperatur:10793733:0.2:2;
termin:10793737:0.14285714285714285:0;10793747:0.2:3;
third:10793729:0.16666666666666666:3;
transport:10793744:0.2:0;10793745:0.16666666666666666:0;
trna:10793737:0.14285714285714285:5;
ultraviolet:10793730:0.125:4;
unpair:10793739:0.2:0;
