acid:10809629:0.16666666666666666:3;
acrocentr:10819016:0.16666666666666666:3;
action:10793750:0.125:4;
activ:10793751:0.2:2;
adenosin:10793760:0.2:2;
adenyl:10793752:0.16666666666666666:2;
agar:10793757:0.18864258470862413:4;
agent:10809630:0.5:1;
aminoacyl:10793752:0.16666666666666666:4;
associ:10793759:0.16666666666666666:4;10819016:0.16666666666666666:4;
ataxia:10819014:0.16666666666666666:3;
bean:10793750:0.125:1;
bind:10793748:0.25:1;
biochem:10819014:0.16666666666666666:1;
character:10793761:0.16666666666666666:5;
coli:10793748:0.25:2;
conform:10793758:0.2:1;10793760:0.2:0;
coupl:10793759:0.16666666666666666:1;
cydonium:10793761:0.16666666666666666:4;
degrad:10793749:0.2:0;
deoxyuridin:10793749:0.2:2;
effect:10793752:0.16666666666666666:0;
ester:10793750:0.125:7;
fatti:10809629:0.16666666666666666:2;
flexibl:10793758:0.2:2;
fluoresc:10793756:0.2:0;10819015:0.16666666666666666:1;
fragment:10793753:0.16666666666666666:2;
free:10809629:0.16666666666666666:1;
frequenc:10819016:0.16666666666666666:2;
function:10809631:0.3333333333333333:1;
genet:10819014:0.16666666666666666:0;
geodia:10793761:0.16666666666666666:3;
glucos:10809629:0.16666666666666666:0;
heterochromat:10819015:0.16666666666666666:3;
histidyl:10793755:0.2:2;
human:10819015:0.16666666666666666:5;
hybrid:10793757:0.24542966116550347:0,3;
hydrazid:10793756:0.2:1;
insulin:10809629:0.16666666666666666:4;
interact:10793755:0.2:0;
isol:10793757:0.18864258470862413:1;
level:10793752:0.16666666666666666:3;
map:10793753:0.16666666666666666:0;
mercuri:10793748:0.25:0;
methioninyl:10793752:0.16666666666666666:1;
methyl:10793749:0.2:1;10793751:0.2:1;10793759:0.16666666666666666:0;
mitochondria:10793751:0.2:4;
mode:10793750:0.125:3;
mung:10793750:0.125:0;
natur:10793758:0.2:3;
normal:10819016:0.16666666666666666:5;
nuclear:10793760:0.2:3;
nucleas:10793750:0.125:2;
nucleosid:10793758:0.2:0;
order:10793753:0.16666666666666666:1;
overhaus:10793760:0.2:4;
oxid:10793756:0.2:3;
pattern:10819016:0.16666666666666666:1;
peptid:10793754:0.5:1;10793755:0.2:4;
physiolog:10809631:0.3333333333333333:0;
preferenti:10819015:0.16666666666666666:0;
produc:10793753:0.16666666666666666:4;
protein:10793761:0.16666666666666666:0;
pyrimidin:10793758:0.2:4;
reagent:10793756:0.2:2;
recoveri:10793757:0.18864258470862413:2;
region:10819015:0.16666666666666666:4;
restrict:10793753:0.16666666666666666:5;
review:10819014:0.16666666666666666:5;
secret:10809629:0.16666666666666666:5;
snapback:10793754:0.5:0;
specif:10793750:0.125:5;
spong:10793761:0.16666666666666666:2;
stain:10819015:0.16666666666666666:2;
studi:10793760:0.2:1;10819014:0.16666666666666666:2;
sv40:10793753:0.16666666666666666:3;
sweeten:10809630:0.5:0;
synthesi:10793761:0.16666666666666666:1;
synthet:10793750:0.125:6;
telangiectasia:10819014:0.16666666666666666:4;
terminus:10793756:0.2:4;
thyrocalcitonin:10809631:0.3333333333333333:2;
transcript:10793759:0.16666666666666666:2;
transcriptas:10793759:0.16666666666666666:5;
transfer:10793751:0.2:0;
trna:10793748:0.25:3;
tryptophanyl:10793755:0.2:3;
tyrosyl:10793755:0.2:1;
use:10793757:0.18864258470862413:5;
variat:10819016:0.16666666666666666:0;
virus:10793759:0.16666666666666666:3;
vitro:10793749:0.2:4;
vivo:10793749:0.2:3;10793752:0.16666666666666666:5;
yeast:10793751:0.2:3;
