abnorm:10793667:0.16666666666666666:0;
acid:10793669:0.25:3;
affin:10793656:0.16666666666666666:4;
aliphat:10793656:0.16666666666666666:0;
analogu:10793656:0.16666666666666666:1;
analysi:10793670:0.15870421196028975:1;
approach:10793662:0.2:0;
assembl:10793667:0.16666666666666666:4;10793668:0.16666666666666666:1;
bind:10793660:0.2:3;
calf:10793666:0.16666666666666666:1;
character:10793655:0.2:2;
chlorid:10793666:0.16666666666666666:5;
chromatin:10793666:0.16666666666666666:3;
cleavag:10793661:0.2:0;
coli:10793668:0.16666666666666666:5;10793671:0.14285714285714285:4;
compon:10793657:0.14285714285714285:2;
control:10793672:0.25:0;
cytidin:10793658:0.16666666666666666:3;
deazainosin:10793659:0.16666666666666666:5;
defect:10793667:0.16666666666666666:5;10793668:0.16666666666666666:2;
dnas:10793662:0.2:4;
endodeoxyribonucleas:10793655:0.2:4;
enzym:10793663:0.2:3;
escherichia:10793668:0.16666666666666666:4;10793671:0.14285714285714285:3;
fingerprint:10793669:0.25:0;
four:10793655:0.2:3;
fraction:10793663:0.2:2;
general:10793670:0.15870421196028975:2;
genom:10793672:0.25:3;
glycosid:10793661:0.2:1;
helic:10793665:0.16666666666666666:4;
high:10793664:0.16666666666666666:4;
inactiv:10793660:0.2:2;
influenc:10793660:0.2:0;10793663:0.2:0;
kinet:10793665:0.16666666666666666:1;
linkag:10793661:0.2:2;
liver:10793657:0.14285714285714285:4;
lysin:10793657:0.14285714285714285:5;
mammalian:10793658:0.16666666666666666:5;
matur:10793667:0.16666666666666666:1;
method:10793664:0.16666666666666666:0;10793670:0.15870421196028975:5;
methoxyamin:10793658:0.16666666666666666:2;
methyl:10793657:0.14285714285714285:0;10793663:0.2:4;
mutant:10793668:0.16666666666666666:3;10793671:0.14285714285714285:2;
nonradioact:10793669:0.25:1;
nucleotid:10793656:0.16666666666666666:2;10793662:0.2:2;
oligom:10793665:0.16666666666666666:5;
partial:10793655:0.2:0;
poli:10793659:0.16666666666666666:4;
polymeras:10793660:0.2:4;
polynucleotid:10793659:0.16666666666666666:0;
precursor:10793667:0.16666666666666666:2;
prepar:10793664:0.16666666666666666:2;
properti:10793659:0.16666666666666666:3;10793665:0.16666666666666666:2;
purif:10793655:0.2:1;
pyrimidin:10793661:0.2:3;
rabbit:10793657:0.14285714285714285:3;
rapid:10793664:0.16666666666666666:1;10793670:0.15870421196028975:4;
reaction:10793658:0.16666666666666666:1;
reovirus:10793672:0.25:2;
residu:10793658:0.16666666666666666:4;
ribonucl:10793669:0.25:2;
ribonucleosid:10793661:0.2:4;
ribosom:10793667:0.16666666666666666:3;10793668:0.16666666666666666:0;
ribothymidin:10793657:0.14285714285714285:1;
select:10793658:0.16666666666666666:0;
sensit:10793671:0.14285714285714285:1;
sequenc:10793662:0.2:3;10793670:0.20647894019855131:0,6;
short:10793665:0.16666666666666666:3;
simpl:10793670:0.15870421196028975:3;
sodium:10793666:0.16666666666666666:4;
solubl:10793666:0.16666666666666666:0;
studi:10793662:0.2:1;
subcellular:10793663:0.2:1;
synthesi:10793656:0.16666666666666666:3;10793659:0.16666666666666666:2;10793671:0.14285714285714285:6;
temperatur:10793671:0.14285714285714285:0;
templat:10793660:0.2:1;
thermodynam:10793665:0.16666666666666666:0;
thymus:10793666:0.16666666666666666:2;
toward:10793656:0.16666666666666666:5;
transcript:10793672:0.25:1;
transfer:10793657:0.14285714285714285:6;
trna:10793671:0.14285714285714285:5;
vinyluracil:10793664:0.16666666666666666:3;
xxii:10793659:0.16666666666666666:1;
yield:10793664:0.16666666666666666:5;
