amphiuma:10822499:0.14285714285714285:2;
blood:10822499:0.14285714285714285:3;
calcium:10822500:0.16666666666666666:3;
cell:10822499:0.14285714285714285:4;
influx:10822500:0.16666666666666666:4;
membran:10822499:0.14285714285714285:5;
potassium:10822500:0.16666666666666666:1;
potenti:10822499:0.14285714285714285:6;
presynapt:10822500:0.16666666666666666:5;
properti:10822500:0.16666666666666666:0;
regul:10822499:0.14285714285714285:1;
stimul:10822500:0.16666666666666666:2;
volum:10822499:0.14285714285714285:0;
