acid:10793716:0.16666666666666666:3;10793720:0.14285714285714285:6;
activ:10793721:0.2:4;
affin:10793714:0.2:3;
anhydronucleosid:10793718:0.2:4;
averag:10793728:0.2:2;
behaviour:10793726:0.16666666666666666:5;
bind:10793720:0.14285714285714285:2;
bisulfit:10793721:0.2:1;
chang:10793715:0.16666666666666666:1;
chemic:10793725:0.16666666666666666:4;
chromatin:10793712:0.25:2;10793713:0.25:3;
coeffici:10793722:0.2:2;
coli:10793709:0.16666666666666666:5;
column:10793714:0.2:4;
complementari:10793709:0.16666666666666666:3;
complex:10793723:0.18864258470862413:2;
compon:10793717:0.2:1;
composit:10793728:0.2:4;
compris:10793719:0.2:3;
conform:10793715:0.16666666666666666:0;10793718:0.2:1;10793727:0.2:4;
correl:10793725:0.16666666666666666:0;
defect:10793720:0.14285714285714285:0;
denatur:10793728:0.2:1;
deriv:10793710:0.2:4;10793723:0.18864258470862413:5;
determin:10793722:0.2:0;
dimension:10793725:0.16666666666666666:2;
effect:10793716:0.16666666666666666:4;10793721:0.2:0;10793724:0.25:3;
format:10793723:0.18864258470862413:3;
fraction:10793726:0.16666666666666666:4;
general:10793714:0.2:0;
heterolog:10793719:0.2:4;10793726:0.16666666666666666:0;
histidyl:10793720:0.14285714285714285:3;
histon:10793719:0.2:2;
ident:10793717:0.2:0;
induc:10793715:0.16666666666666666:5;
inhibit:10793710:0.2:0;
intern:10793712:0.25:0;
isol:10793709:0.16666666666666666:0;
isopycn:10793724:0.25:0;
length:10793728:0.2:3;
mean:10793726:0.16666666666666666:2;
method:10793714:0.2:1;
metrizamid:10793724:0.25:2;
mischarg:10793726:0.16666666666666666:1;
model:10793713:0.25:0;
modif:10793721:0.2:2;
mous:10793717:0.2:2;
nucleohiston:10793727:0.2:3;
nucleosid:10793718:0.2:0;
oviduct:10793711:0.3333333333333333:2;
particul:10793713:0.25:1;
perturb:10793727:0.2:1;
poli:10793710:0.2:1;10793716:0.16666666666666666:1;
polya:10793711:0.3333333333333333:0;
polymeras:10793710:0.2:2;
polynucleotid:10793723:0.24542966116550347:0,4;
polyriboadenyl:10793715:0.16666666666666666:4;
prepar:10793714:0.2:2;
properti:10793719:0.2:1;
protein:10793716:0.16666666666666666:5;
reactiv:10793725:0.16666666666666666:5;
region:10793711:0.3333333333333333:1;
repeat:10793709:0.16666666666666666:1;
revers:10793727:0.2:2;
ribonucl:10793720:0.14285714285714285:5;
rifamycin:10793710:0.2:3;
sarcoma:10793717:0.2:3;
sediment:10793722:0.2:1;10793724:0.25:1;
self:10793709:0.16666666666666666:2;
sequenc:10793709:0.16666666666666666:4;
singl:10793715:0.16666666666666666:2;
strand:10793715:0.16666666666666666:3;
structur:10793712:0.25:1;10793713:0.25:2;10793719:0.2:0;10793725:0.16666666666666666:3;
studi:10793718:0.2:3;
subunit:10793712:0.25:3;
synthesi:10793716:0.16666666666666666:0;
templat:10793721:0.2:3;
thermal:10793728:0.2:0;
thiouridyl:10793716:0.16666666666666666:2;
three:10793725:0.16666666666666666:1;
transfer:10793720:0.14285714285714285:4;
trna:10793726:0.16666666666666666:3;
urea:10793727:0.2:0;
vaccinia:10793722:0.2:3;
virus:10793717:0.2:4;10793722:0.2:4;
vitro:10793720:0.14285714285714285:1;
xvii:10793718:0.2:2;
xxvi:10793723:0.18864258470862413:1;
