acid:10793695:0.16666666666666666:3;
adenosin:10793692:0.125:1;
affect:10793702:0.16666666666666666:5;
analysi:10793693:0.2:2;10793706:0.16666666666666666:1;
associ:10793701:0.25:3;
avian:10793699:0.2:1;
bacteriophag:10793705:0.16666666666666666:2;
cell:10793696:0.16666666666666666:3;10793701:0.25:2;
centrifug:10793696:0.16666666666666666:1;
chang:10793692:0.125:7;
character:10793698:0.14285714285714285:0;
chromatin:10793696:0.16666666666666666:4;10793701:0.25:1;
circular:10793697:0.16666666666666666:3;
cleavag:10793694:0.14285714285714285:1;
coli:10793702:0.16666666666666666:4;
combin:10793693:0.2:4;
comparison:10793694:0.14285714285714285:6;
compound:10793695:0.16666666666666666:5;
conform:10793691:0.2:3;
denatur:10793708:0.16666666666666666:4;
deriv:10793698:0.14285714285714285:6;
dichroism:10793697:0.16666666666666666:4;
differ:10793708:0.16666666666666666:0;
diphosph:10793692:0.125:2;
dnas:10793694:0.14285714285714285:5;
effici:10793698:0.14285714285714285:2;
electrophoret:10793706:0.16666666666666666:4;
enzym:10793694:0.14285714285714285:3;
escherichia:10793702:0.16666666666666666:3;
formula:10793706:0.16666666666666666:2;
fraction:10793701:0.25:0;
fungi:10793700:0.3333333333333333:2;
guanin:10793703:0.2:0;10793704:0.2:0;
high:10793698:0.14285714285714285:1;
huge:10793697:0.16666666666666666:1;
infect:10793705:0.16666666666666666:4;
investig:10793697:0.16666666666666666:0;
isol:10793702:0.16666666666666666:1;
isopycn:10793696:0.16666666666666666:0;
liver:10793703:0.2:4;10793704:0.2:4;
method:10793691:0.2:1;
methyltransferas:10793703:0.2:3;10793704:0.2:3;
metrizamid:10793696:0.16666666666666666:5;
mobil:10793706:0.16666666666666666:5;
mrnas:10793707:0.16666666666666666:4;
mutant:10793702:0.16666666666666666:2;
myeloblastosi:10793699:0.2:2;
nativ:10793708:0.16666666666666666:3;
negat:10793697:0.16666666666666666:2;
nucleotid:10793707:0.16666666666666666:0;
oligoribonucleotid:10793693:0.2:3;
oviduct:10793692:0.125:6;
pbs2:10793705:0.16666666666666666:3;
poli:10793692:0.125:0;
polymeras:10793692:0.125:4;10793699:0.2:4;10793705:0.16666666666666666:5;
predict:10793706:0.16666666666666666:3;
protect:10793699:0.2:0;
protein:10793698:0.14285714285714285:3;
quail:10793692:0.125:5;
reaction:10793691:0.2:4;
relat:10793695:0.16666666666666666:4;
repeat:10793700:0.3333333333333333:0;
resist:10793705:0.16666666666666666:1;
restrict:10793694:0.14285714285714285:2;
ribonucl:10793695:0.16666666666666666:2;
ribos:10793692:0.125:3;
rifampicin:10793705:0.16666666666666666:0;
secondari:10793708:0.16666666666666666:1;
sequenc:10793693:0.2:1;10793700:0.3333333333333333:1;10793706:0.16666666666666666:0;10793707:0.16666666666666666:1;
shear:10793696:0.16666666666666666:2;
simplifi:10793691:0.2:0;
site:10793694:0.14285714285714285:0;
specif:10793703:0.2:1;10793704:0.2:1;
spectra:10793697:0.16666666666666666:5;
structur:10793708:0.16666666666666666:2;
studi:10793691:0.2:2;10793695:0.16666666666666666:0;
synthes:10793698:0.14285714285714285:4;10793707:0.16666666666666666:5;
system:10793698:0.14285714285714285:5;
techniqu:10793702:0.16666666666666666:0;
termini:10793707:0.16666666666666666:2;
transfer:10793695:0.16666666666666666:1;10793703:0.2:2;10793704:0.2:2;
tritium:10793693:0.2:0;
viral:10793694:0.14285714285714285:4;
virus:10793699:0.2:3;
x174:10793707:0.16666666666666666:3;
yeast:10793708:0.16666666666666666:5;
