acid:10793676:0.2:3;10793685:0.16666666666666666:1;
activ:10793684:0.16666666666666666:3;10793685:0.16666666666666666:5;
adeno:10793689:0.14285714285714285:3;
alpha:10793675:0.14285714285714285:6;
aminoacyl:10793684:0.16666666666666666:4;
analogu:10793681:0.18864258470862413:5;
anim:10793678:0.16666666666666666:3;
associ:10793689:0.14285714285714285:4;
aurelia:10793673:0.2:4;
bacillus:10793674:0.2:4;10793679:0.16666666666666666:1;
bacteriophag:10793690:0.16666666666666666:3;
band:10793678:0.16666666666666666:1;
bind:10793681:0.18864258470862413:2;10793682:0.2:2;
cancer:10793685:0.16666666666666666:2;
cation:10793686:0.16666666666666666:1;
chang:10793686:0.16666666666666666:4;
chemic:10793689:0.14285714285714285:0;
code:10793675:0.14285714285714285:5;
coli:10793683:0.25:3;
complex:10793673:0.2:1;
compon:10793678:0.16666666666666666:2;
conform:10793682:0.2:0;10793686:0.16666666666666666:3;
crassa:10793677:0.16666666666666666:2;
defici:10793687:0.18864258470862413:1;
deoxyribonucl:10793685:0.16666666666666666:0;
depend:10793682:0.2:1;
deriv:10793684:0.16666666666666666:5;
detect:10793686:0.16666666666666666:0;
determin:10793690:0.16666666666666666:2;
dinucleosid:10793680:0.2:4;
distamycin:10793682:0.2:4;
drosophila:10793688:0.2:1;
escherichia:10793683:0.25:2;
glycin:10793690:0.16666666666666666:4;
half:10793675:0.14285714285714285:3;
homolog:10793687:0.18864258470862413:4;
inhibit:10793681:0.18864258470862413:0;10793684:0.16666666666666666:0;
interfer:10793678:0.16666666666666666:5;
isocytidin:10793683:0.25:1;
lack:10793675:0.14285714285714285:0;10793679:0.16666666666666666:4;
mammalian:10793687:0.18864258470862413:2;
messeng:10793675:0.14285714285714285:4;
metabol:10793683:0.25:0;
methyl:10793687:0.24542966116550347:0,5;
molecular:10793673:0.2:0;
netropsin:10793682:0.2:3;
neurospora:10793677:0.16666666666666666:1;
nucleas:10793677:0.16666666666666666:0;
nucleosid:10793681:0.24542966116550347:1,4;
nucleotid:10793690:0.16666666666666666:0;
pagurus:10793685:0.16666666666666666:3;
paramecium:10793673:0.2:3;
particip:10793688:0.2:0;
peptidyl:10793684:0.16666666666666666:1;
physic:10793689:0.14285714285714285:1;
poli:10793675:0.14285714285714285:1;
polyadenyl:10793676:0.2:2;
polymeras:10793679:0.16666666666666666:5;
polynucleotid:10793680:0.2:0;
prepar:10793678:0.16666666666666666:4;
properti:10793679:0.16666666666666666:0;10793680:0.2:3;10793689:0.14285714285714285:2;
protein:10793688:0.2:3;
proton:10793676:0.2:4;
rapid:10793678:0.16666666666666666:0;
region:10793677:0.16666666666666666:5;
ribosom:10793686:0.16666666666666666:5;
rich:10793677:0.16666666666666666:4;
satellit:10793689:0.14285714285714285:5;
sequenc:10793675:0.14285714285714285:2;10793690:0.16666666666666666:1;
site:10793681:0.18864258470862413:3;
specif:10793674:0.2:1;10793677:0.16666666666666666:3;10793686:0.16666666666666666:2;
sporul:10793674:0.2:3;
strain:10793679:0.16666666666666666:3;
structur:10793676:0.2:0;
subtili:10793679:0.16666666666666666:2;
symbiont:10793673:0.2:2;
synthesi:10793680:0.2:2;10793688:0.2:4;
templat:10793674:0.2:0;10793685:0.16666666666666666:4;
transcript:10793674:0.2:2;
transfer:10793687:0.18864258470862413:3;10793688:0.2:2;10793690:0.16666666666666666:5;
transferas:10793684:0.16666666666666666:2;
transit:10793676:0.2:1;
virus:10793689:0.14285714285714285:6;
xxiv:10793680:0.2:1;
